Bothan,1,2,2,3,2,2,10,11
Droid,2,1,3,1,1,2,10,10
Droid,3,2,1,1,2,1,10,10
Gand,2,2,2,2,3,1,10,10
Human,2,2,2,2,2,2,10,10
Rodian,2,3,2,2,1,2,10,10
Trandoshan,3,1,2,2,2,2,12,9
Twi'lek,1,2,2,2,2,3,10,11
Wookiee,3,2,2,2,1,2,14,8
Aleena,1,3,2,2,2,2,8,10
Anx,3,1,2,2,2,2,13,10
Aqualish,3,2,1,2,2,2,11,8
Arcona,1,2,2,2,3,2,10,10
Arkanian,2,2,3,2,2,1,10,10
Balosar,2,2,2,3,1,2,10,10
Besalisk,3,1,2,1,2,2,12,7
Bith,1,2,2,2,2,3,10,10
Caamasi,2,2,2,1,3,2,10,11
Cerean,2,1,3,2,2,2,10,12
Chadra-Fan,1,3,3,2,1,2,9,11
Chagrian,2,1,2,2,3,2,11,10
Chevin,3,1,2,3,2,1,11,11
Chiss,2,2,3,2,2,1,10,10
Clawdite,2,2,2,3,1,2,9,9
Clone,2,2,2,2,2,2,11,11
Cosian,1,2,3,2,2,2,10,11
Dathomirian,2,2,2,2,2,2,10,11
Dowutin,3,1,2,2,2,2,15,8
Drabatan,2,2,2,1,2,3,10,10
Drall,1,1,4,2,2,2,8,12
Dressellian,2,2,2,2,3,1,11,10
Dug,2,3,2,2,2,1,9,8
Duros,1,2,3,2,2,2,11,10
Elom,3,2,2,2,2,1,10,9
Elomin,2,2,3,2,1,2,9,10
Ewok,1,2,2,3,1,2,9,11
Falleen,1,2,2,2,2,3,10,12
Gank,2,2,2,2,2,1,10,10
Geonosian,2,2,2,1,1,1,9,9
Gigoran,3,2,1,2,2,2,12,10
Gossam,1,2,2,3,2,2,9,11
Gotal,2,2,2,3,2,1,9,8
Gran,2,2,2,1,2,3,10,9
Gungan,2,2,1,2,2,3,10,10
Harch,2,2,2,3,2,1,11,11
Hutt,3,1,2,2,3,2,13,11
Iakaru,2,3,2,2,1,2,9,10
Iktotchi,2,2,2,2,3,1,10,12
Ishi Tib,2,2,3,2,1,2,12,10
Ithorian,2,1,2,2,3,2,9,12
Jawa,1,2,2,3,2,1,8,8
Kalleran,3,2,2,2,2,1,8,12
Kaminoan,1,2,3,2,2,2,9,10
Karkarodon,3,2,1,2,2,2,12,10
Kel Dor,1,2,2,2,3,2,10,10
Klatooinian,2,3,2,2,1,2,10,10
Kubaz,2,2,2,2,3,1,9,10
Kyuzo,2,3,2,2,2,1,11,11
Lannik,2,1,3,2,2,2,8,12
Lasat,3,3,2,1,2,1,12,10
Melitto,3,2,2,2,1,2,9,11
Mikkian,1,2,2,2,3,2,10,11
Mirialan,2,3,2,1,2,2,11,10
Mon Calamari,2,2,3,1,2,2,10,10
Mustafarian,2,2,2,2,2,1,10,10
Muun,2,2,3,3,1,1,9,9
Nautolan,3,2,2,2,1,2,11,9
Neimoidian,1,2,3,3,1,2,11,9
Nikto,3,2,2,2,2,1,11,10
Pantoran,2,2,2,2,1,3,10,11
Pau'an,1,2,2,2,3,2,12,8
Phydolon,2,2,2,2,3,1,10,10
Polis Massan,1,2,3,2,3,1,8,11
Quarren,2,2,1,2,3,2,10,8
Quermian,1,2,3,2,2,1,10,10
Sathari,1,3,2,2,2,2,8,10
Selonian,2,3,2,1,3,1,11,10
Shistavanen,2,3,3,2,1,1,12,10
Skakoan,2,2,3,1,2,2,10,8
Sullustan,2,3,2,1,2,2,10,10
Thisspiasian,2,3,2,2,2,1,10,8
Tholothian,2,2,2,2,2,2,10,10
Tognath,2,2,2,2,3,1,9,9
Togruta,1,2,2,3,2,2,10,10
Toydarian,1,1,2,2,3,3,9,12
Tusken Raider,3,2,2,2,2,1,11,11
Umbaran,2,2,2,2,2,2,10,10
Verpine,2,3,3,1,2,1,9,12
Vurk,2,2,2,1,2,3,11,11
Weequay,3,2,1,3,2,1,10,9
Whiphid,3,2,2,1,2,2,12,10
Xexto,1,3,2,2,1,2,9,9
Zabrak,2,2,2,2,3,1,10,10
